M, N, compression factor 1, compression factor 2, naive time, rle time
50,2000,50,2.72109,0,0.003159
100,2000,50,2.72109,0,0.003487
150,2000,7.14286,2.72109,0,0.038457
200,2000,8.69565,2.72109,0,0.040773
250,2000,10,2.72109,0,0.043381
300,2000,12,2.72109,0,0.043565
350,2000,8.97436,2.72109,0,0.068452
400,2000,9.7561,2.72109,0,0.072734
450,2000,10,2.72109,0,0.081226
500,2000,10.4167,2.72109,0,0.087471
550,2000,9.32203,2.72109,0,0.114011
600,2000,9.83607,2.72109,0,0.113811
650,2000,10.3175,2.72109,0,0.120039
700,2000,11.1111,2.72109,0,0.118522
750,2000,9.03614,2.72109,0,0.162006
800,2000,9.41176,2.72109,0,0.167105
850,2000,10,2.72109,0,0.168343
900,2000,10.3448,2.72109,0,0.1749
950,2000,9.2233,2.72109,0,0.206815
1000,2000,9.34579,2.72109,0,0.221671
1050,2000,9.13043,2.72109,0,0.239967
1100,2000,9.40171,2.72109,0,0.245983
1150,2000,9.05512,2.72109,0,0.267521
1200,2000,9.09091,2.72109,0,0.288834
1250,2000,9.25926,2.72109,0,0.29214
1300,2000,9.62963,2.72109,0,0.297253
1350,2000,8.9404,2.72109,0,0.333854
1400,2000,8.97436,2.72109,0,0.350892
1450,2000,9.00621,2.72109,0,0.392593
1500,2000,9.20245,2.72109,0,0.399877
1550,2000,8.65922,2.72109,0,0.48519
1600,2000,8.79121,2.72109,0,0.452039
1650,2000,8.63874,2.72109,0,0.454073
1700,2000,8.90052,2.72109,0,0.465375
1750,2000,8.49515,2.72109,0,0.547751
1800,2000,8.57143,2.72109,0,0.553627
1850,2000,8.37104,2.72109,0,0.532617
1900,2000,8.52018,2.72109,0,0.532827
1950,2000,8.19328,2.72109,0,0.607497
2000,2000,8.26446,2.72109,0,0.615511
2050,2000,8.23293,2.72109,0,0.608124
2100,2000,8.36653,2.72109,0,0.666148
2150,2000,8.11321,2.72109,0,0.63606
2200,2000,8.11808,2.72109,0,0.656806
2250,2000,8.12274,2.72109,0,0.727414
2300,2000,8.30325,2.72109,0,0.751434
2350,2000,8.04795,2.72109,0,0.74943
2400,2000,8.08081,2.72109,0,0.749704
2450,2000,8.13953,2.72109,0,0.769381
2500,2000,8.25083,2.72109,0,0.754496
2550,2000,8.06962,2.72109,0,0.751518
2600,2000,8.04954,2.72109,0,0.769799
2650,2000,8.20433,2.72109,0,0.767753
2700,2000,8.25688,2.72109,0,0.782278
2750,2000,7.99419,2.72109,0,0.814794
2800,2000,7.88732,2.72109,0,0.879685
2850,2000,7.89474,2.72109,0,0.880404
2900,2000,7.94521,2.72109,0,0.903788
2950,2000,7.76316,2.72109,0,0.928854
3000,2000,7.75194,2.72109,0,0.983077
3050,2000,7.84062,2.72109,0,0.993256
3100,2000,7.88804,2.72109,0,0.987527
3150,2000,7.75862,2.72109,0,0.970204
3200,2000,7.74818,2.72109,0,1.034
3250,2000,7.5406,2.72109,0,1.05908
3300,2000,7.65661,2.72109,0,1.02019
3350,2000,7.52809,2.72109,0,1.05068
3400,2000,7.50552,2.72109,0,1.0718
3450,2000,7.41935,2.72109,0,1.08344
3500,2000,7.46269,2.72109,0,1.08597
3550,2000,7.3499,2.72109,0,1.10703
3600,2000,7.33198,2.72109,0,1.13843
3650,2000,7.28543,2.72109,0,1.18155
3700,2000,7.35586,2.72109,0,1.1967
3750,2000,7.22543,2.72109,0,1.18488
3800,2000,7.2381,2.72109,0,1.222
3850,2000,7.18284,2.72109,0,1.26582
3900,2000,7.23562,2.72109,0,1.31055
3950,2000,7.11712,2.72109,0,1.34691
4000,2000,7.07965,2.72109,0,1.31935
4050,2000,7.01906,2.72109,0,1.34661
4100,2000,7.08117,2.72109,0,1.35971
4150,2000,6.99831,2.72109,0,1.36795
4200,2000,6.96517,2.72109,0,1.39872
4250,2000,6.93312,2.72109,0,1.44663
4300,2000,7.01468,2.72109,0,1.45911
4350,2000,6.91574,2.72109,0,1.44756
4400,2000,6.92913,2.72109,0,1.49752
4450,2000,6.92068,2.72109,0,1.56905
4500,2000,6.97674,2.72109,0,1.48177
4550,2000,6.92542,2.72109,0,1.4879
4600,2000,6.93816,2.72109,0,1.48432
4650,2000,6.9403,2.72109,0,1.50137
4700,2000,6.96296,2.72109,0,1.54368
4750,2000,6.9242,2.72109,0,1.53144
4800,2000,6.90647,2.72109,0,1.52867
4850,2000,6.899,2.72109,0,1.53552
4900,2000,6.83403,2.72109,0,1.56248
4950,2000,6.84647,2.72109,0,1.61359
5000,2000,6.82128,2.72109,0,1.6825
5050,2000,6.79677,2.72109,0,1.67985
5100,2000,6.79095,2.72109,0,1.7115
5150,2000,6.78524,2.72109,0,1.73675
5200,2000,6.77966,2.72109,0,1.67829
5250,2000,6.77419,2.72109,0,1.76671
5300,2000,6.76884,2.72109,0,1.76864
5350,2000,6.72956,2.72109,0,1.81194
5400,2000,6.69145,2.72109,0,1.78035
5450,2000,6.68712,2.72109,0,1.86829
5500,2000,6.6345,2.72109,0,1.8202
5550,2000,6.56805,2.72109,0,1.82822
5600,2000,6.54971,2.72109,0,1.79119
5650,2000,6.54693,2.72109,0,1.81761
5700,2000,6.52921,2.72109,0,1.82408
5750,2000,6.49718,2.72109,0,1.84658
5800,2000,6.48045,2.72109,0,1.85815
5850,2000,6.48559,2.72109,0,1.86107
5900,2000,6.49065,2.72109,0,1.94505
5950,2000,6.44637,2.72109,0,1.95769
6000,2000,6.41711,2.72109,0,1.97825
6050,2000,6.42251,2.72109,0,2.1305
6100,2000,6.40084,2.72109,0,2.24573
6150,2000,6.32066,2.72109,0,2.089
6200,2000,6.28166,2.72109,0,2.08404
6250,2000,6.2004,2.72109,0,2.1326
6300,2000,6.2069,2.72109,0,2.09196
6350,2000,6.17104,2.72109,0,2.17335
6400,2000,6.15977,2.72109,0,2.1434
6450,2000,6.13118,2.72109,0,2.15276
6500,2000,6.12053,2.72109,0,2.18187
6550,2000,6.07044,2.72109,0,2.26787
6600,2000,6.07176,2.72109,0,2.25856
6650,2000,6.01266,2.72109,0,2.26613
6700,2000,6.0306,2.72109,0,2.31066
6750,2000,6,2.72109,0,2.33495
6800,2000,6.01238,2.72109,0,2.36312
6850,2000,5.95652,2.72109,0,2.41479
6900,2000,5.95341,2.72109,0,2.43324
6950,2000,5.88983,2.72109,0,2.40736
7000,2000,5.90717,2.72109,0,2.43921
7050,2000,5.84577,2.72109,0,2.40869
7100,2000,5.86292,2.72109,0,2.40365
7150,2000,5.82248,2.72109,0,2.41989
7200,2000,5.83942,2.72109,0,2.42966
7250,2000,5.77229,2.72109,0,2.46884
7300,2000,5.75256,2.72109,0,2.47807
7350,2000,5.71096,2.72109,0,2.50689
7400,2000,5.72312,2.72109,0,2.55596
7450,2000,5.71319,2.72109,0,2.58169
7500,2000,5.70342,2.72109,0,2.55587
7550,2000,5.67243,2.72109,0,2.59035
7600,2000,5.65897,2.72109,0,2.59606
7650,2000,5.64159,2.72109,0,2.62555
7700,2000,5.62454,2.72109,0,2.63291
7750,2000,5.60376,2.72109,0,2.65402
7800,2000,5.59943,2.72109,0,2.66449
7850,2000,5.57528,2.72109,0,2.69591
7900,2000,5.5673,2.72109,0,2.76903
7950,2000,5.52083,2.72109,0,2.75719
8000,2000,5.50585,2.72109,0,2.77486
8050,2000,5.49113,2.72109,0,2.85994
8100,2000,5.49898,2.72109,0,2.8849
8150,2000,5.46613,2.72109,0,2.88623
8200,2000,5.4485,2.72109,0,2.8727
8250,2000,5.44914,2.72109,0,2.90778
8300,2000,5.42129,2.72109,0,2.91149
8350,2000,5.39057,2.72109,0,2.90408
8400,2000,5.35373,2.72109,0,2.93095
8450,2000,5.35149,2.72109,0,3.09819
8500,2000,5.33584,2.72109,0,3.11477
8550,2000,5.33375,2.72109,0,3.07551
8600,2000,5.30537,2.72109,0,3.07925
8650,2000,5.32635,2.72109,0,3.14777
8700,2000,5.30165,2.72109,0,3.11565
8750,2000,5.27426,2.72109,0,3.16448
8800,2000,5.25373,2.72109,0,3.10094
8850,2000,5.25534,2.72109,0,3.12188
8900,2000,5.25074,2.72109,0,3.24224
8950,2000,5.22475,2.72109,0,3.25731
9000,2000,5.20532,2.72109,0,3.26034
9050,2000,5.20713,2.72109,0,3.18765
9100,2000,5.16166,2.72109,0,3.22159
9150,2000,5.15203,2.72109,0,3.25622
9200,2000,5.13107,2.72109,0,3.27731
9250,2000,5.12749,2.72109,0,3.28986
9300,2000,5.06812,2.72109,0,3.33903
9350,2000,5.06501,2.72109,0,3.34792
9400,2000,5.02405,2.72109,0,3.46533
9450,2000,5.02927,2.72109,0,3.42425
9500,2000,5.01319,2.72109,0,3.48263
9550,2000,5.00524,2.72109,0,3.59857
9600,2000,4.97667,2.72109,0,3.60356
9650,2000,4.94618,2.72109,0,3.61269
9700,2000,4.92136,2.72109,0,3.72476
9750,2000,4.91431,2.72109,0,3.64142
9800,2000,4.90245,2.72109,0,3.60611
9850,2000,4.89319,2.72109,0,3.62036
9900,2000,4.91559,2.72109,0,3.6135
9950,2000,4.89424,2.72109,0,3.63897
10000,2000,4.88043,2.72109,0,3.67085
10050,2000,4.87155,2.72109,0,3.70991
10100,2000,4.86278,2.72109,0,3.80929
10150,2000,4.84025,2.72109,0,3.83895
10200,2000,4.81814,2.72109,0,3.79195
10250,2000,4.81447,2.72109,0,3.81483
10300,2000,4.82436,2.72109,0,3.92737
10350,2000,4.80501,2.72109,0,3.95385
10400,2000,4.78161,2.72109,0,3.99281
10450,2000,4.7848,2.72109,0,3.95894
10500,2000,4.79233,2.72109,0,4.0225
10550,2000,4.78241,2.72109,0,4.03871
10600,2000,4.77693,2.72109,0,4.03774
10650,2000,4.79082,2.72109,0,3.98984
10700,2000,4.79176,2.72109,0,4.03442
10750,2000,4.78203,2.72109,0,3.98563
10800,2000,4.76401,2.72109,0,4.02609
10850,2000,4.77553,2.72109,0,4.09708
10900,2000,4.75775,2.72109,0,4.04749
10950,2000,4.74642,2.72109,0,4.06384
11000,2000,4.72712,2.72109,0,4.12292
11050,2000,4.74045,2.72109,0,4.11034
11100,2000,4.72944,2.72109,0,4.20072
11150,2000,4.71459,2.72109,0,4.17505
11200,2000,4.69799,2.72109,0,4.15668
11250,2000,4.71698,2.72109,0,4.20825
11300,2000,4.72606,2.72109,0,4.31107
11350,2000,4.71541,2.72109,0,4.30426
11400,2000,4.68943,2.72109,0,4.33241
11450,2000,4.70226,2.72109,0,4.29793
11500,2000,4.70733,2.72109,0,4.2612
11550,2000,4.70468,2.72109,0,4.28672
11600,2000,4.68687,2.72109,0,4.4386
11650,2000,4.70707,2.72109,0,4.42277
11700,2000,4.71965,2.72109,0,4.4465
11750,2000,4.71131,2.72109,0,4.35734
11800,2000,4.68254,2.72109,0,4.38462
11850,2000,4.69307,2.72109,0,4.39841
11900,2000,4.71287,2.72109,0,4.37288
11950,2000,4.69917,2.72109,0,4.40633
12000,2000,4.67472,2.72109,0,4.44299
12050,2000,4.68689,2.72109,0,4.47117
12100,2000,4.70268,2.72109,0,4.44453
12150,2000,4.69474,2.72109,0,4.52972
12200,2000,4.69231,2.72109,0,4.68789
12250,2000,4.69889,2.72109,0,4.68015
12300,2000,4.71626,2.72109,0,4.53444
12350,2000,4.70835,2.72109,0,4.70539
12400,2000,4.69875,2.72109,0,5.12505
12450,2000,4.7177,2.72109,0,5.02281
12500,2000,4.72769,2.72109,0,4.78762
12550,2000,4.71627,2.72109,0,4.7464
12600,2000,4.71028,2.72109,0,4.74728
12650,2000,4.72897,2.72109,0,4.61909
12700,2000,4.72998,2.72109,0,4.65182
12750,2000,4.71873,2.72109,0,4.71858
12800,2000,4.70935,2.72109,0,4.77897
12850,2000,4.72253,2.72109,0,4.74374
12900,2000,4.7409,2.72109,0,4.81812
12950,2000,4.728,2.72109,0,4.79413
13000,2000,4.72212,2.72109,0,4.90543
13050,2000,4.73341,2.72109,0,4.84098
13100,2000,4.73951,2.72109,0,4.75881
13150,2000,4.73192,2.72109,0,4.77963
13200,2000,4.72272,2.72109,0,4.93338
13250,2000,4.72202,2.72109,0,4.84005
13300,2000,4.71966,2.72109,0,4.87499
13350,2000,4.70899,2.72109,0,4.8563
13400,2000,4.70175,2.72109,0,5.01733
13450,2000,4.70115,2.72109,0,5.02565
13500,2000,4.71204,2.72109,0,5.06589
13550,2000,4.7065,2.72109,0,5.0671
13600,2000,4.71077,2.72109,0,5.02302
13650,2000,4.7069,2.72109,0,5.04636
13700,2000,4.71276,2.72109,0,5.06033
13750,2000,4.70568,2.72109,0,5.15501
13800,2000,4.69547,2.72109,0,5.09542
13850,2000,4.68697,2.72109,0,5.0846
13900,2000,4.67856,2.72109,0,5.08999
13950,2000,4.66555,2.72109,0,5.13001
14000,2000,4.662,2.72109,0,5.12053
14050,2000,4.6477,2.72109,0,5.18302
14100,2000,4.63206,2.72109,0,5.33491
14150,2000,4.61513,2.72109,0,5.28779
14200,2000,4.59101,2.72109,0,5.36431
14250,2000,4.57464,2.72109,0,5.39296
14300,2000,4.55124,2.72109,0,5.52271
14350,2000,4.54258,2.72109,0,5.50162
14400,2000,4.53401,2.72109,0,5.56018
14450,2000,4.53832,2.72109,0,5.49722
14500,2000,4.53267,2.72109,0,5.58578
14550,2000,4.52285,2.72109,0,5.54078
14600,2000,4.50617,2.72109,0,5.42753
14650,2000,4.51325,2.72109,0,5.48526
14700,2000,4.5092,2.72109,0,5.53746
14750,2000,4.49832,2.72109,0,5.5406
14800,2000,4.48349,2.72109,0,5.57146
14850,2000,4.49455,2.72109,0,5.58202
14900,2000,4.49879,2.72109,0,5.59457
14950,2000,4.49624,2.72109,0,5.57584
15000,2000,4.48699,2.72109,0,5.60172
